solid markers
facet normal 0 0 0
outer loop
vertex -396.6 -516.813 1311.67
vertex 61.9444 -489.075 1306.67
vertex 90.5229 -649.635 3037
endloop
endfacet
facet normal 0 0 0
outer loop
vertex 61.9444 -489.075 1306.67
vertex -396.6 -516.813 1311.67
vertex 90.5229 -649.635 3037
endloop
endfacet
facet normal 0 0 0
outer loop
vertex -396.6 -516.813 1311.67
vertex -368.021 -677.372 3042
vertex 90.5229 -649.635 3037
endloop
endfacet
facet normal 0 0 0
outer loop
vertex -368.021 -677.372 3042
vertex -396.6 -516.813 1311.67
vertex 90.5229 -649.635 3037
endloop
endfacet
endsolid
solid front
facet normal 0 0 0
outer loop
vertex -369.47 -709.67 3037.35
vertex 89.4823 -708.529 3030.86
vertex 64.5307 -407.48 1319.31
endloop
endfacet
facet normal 0 0 0
outer loop
vertex 89.4823 -708.529 3030.86
vertex -369.47 -709.67 3037.35
vertex 64.5307 -407.48 1319.31
endloop
endfacet
facet normal 0 0 0
outer loop
vertex -369.47 -709.67 3037.35
vertex -394.422 -408.622 1325.8
vertex 64.5307 -407.48 1319.31
endloop
endfacet
facet normal 0 0 0
outer loop
vertex -394.422 -408.622 1325.8
vertex -369.47 -709.67 3037.35
vertex 64.5307 -407.48 1319.31
endloop
endfacet
endsolid
solid back
facet normal 0 0 0
outer loop
vertex -369.47 -758.914 3028.69
vertex 89.4823 -757.773 3022.2
vertex 64.5307 -456.724 1310.65
endloop
endfacet
facet normal 0 0 0
outer loop
vertex 89.4823 -757.773 3022.2
vertex -369.47 -758.914 3028.69
vertex 64.5307 -456.724 1310.65
endloop
endfacet
facet normal 0 0 0
outer loop
vertex -369.47 -758.914 3028.69
vertex -394.422 -457.866 1317.14
vertex 64.5307 -456.724 1310.65
endloop
endfacet
facet normal 0 0 0
outer loop
vertex -394.422 -457.866 1317.14
vertex -369.47 -758.914 3028.69
vertex 64.5307 -456.724 1310.65
endloop
endfacet
endsolid
