solid front
facet normal 0 0 0
outer loop
vertex -214.515 -126.294 2862.33
vertex 239.438 -125.165 2855.91
vertex 214.515 175.538 1146.33
endloop
endfacet
facet normal 0 0 0
outer loop
vertex 239.438 -125.165 2855.91
vertex -214.515 -126.294 2862.33
vertex 214.515 175.538 1146.33
endloop
endfacet
facet normal 0 0 0
outer loop
vertex -214.515 -126.294 2862.33
vertex -239.438 174.409 1152.75
vertex 214.515 175.538 1146.33
endloop
endfacet
facet normal 0 0 0
outer loop
vertex -239.438 174.409 1152.75
vertex -214.515 -126.294 2862.33
vertex 214.515 175.538 1146.33
endloop
endfacet
endsolid
solid back
facet normal 0 0 0
outer loop
vertex -214.515 -175.538 2853.67
vertex 239.438 -174.409 2847.25
vertex 214.515 126.294 1137.67
endloop
endfacet
facet normal 0 0 0
outer loop
vertex 239.438 -174.409 2847.25
vertex -214.515 -175.538 2853.67
vertex 214.515 126.294 1137.67
endloop
endfacet
facet normal 0 0 0
outer loop
vertex -214.515 -175.538 2853.67
vertex -239.438 125.165 1144.09
vertex 214.515 126.294 1137.67
endloop
endfacet
facet normal 0 0 0
outer loop
vertex -239.438 125.165 1144.09
vertex -214.515 -175.538 2853.67
vertex 214.515 126.294 1137.67
endloop
endfacet
endsolid
