solid markers
facet normal 0 0 0
outer loop
vertex -278.64 -521.382 1312.88
vertex 135.417 -508.059 1324.88
vertex 90.5229 -654.959 3037
endloop
endfacet
facet normal 0 0 0
outer loop
vertex 135.417 -508.059 1324.88
vertex -278.64 -521.382 1312.88
vertex 90.5229 -654.959 3037
endloop
endfacet
facet normal 0 0 0
outer loop
vertex -278.64 -521.382 1312.88
vertex -323.534 -668.283 3025
vertex 90.5229 -654.959 3037
endloop
endfacet
facet normal 0 0 0
outer loop
vertex -323.534 -668.283 3025
vertex -278.64 -521.382 1312.88
vertex 90.5229 -654.959 3037
endloop
endfacet
endsolid
solid front
facet normal 0 0 0
outer loop
vertex -327.931 -642.215 3025.5
vertex 85.6494 -629.066 3038.7
vertex 135.626 -482.012 1326.73
endloop
endfacet
facet normal 0 0 0
outer loop
vertex 85.6494 -629.066 3038.7
vertex -327.931 -642.215 3025.5
vertex 135.626 -482.012 1326.73
endloop
endfacet
facet normal 0 0 0
outer loop
vertex -327.931 -642.215 3025.5
vertex -277.955 -495.161 1313.53
vertex 135.626 -482.012 1326.73
endloop
endfacet
facet normal 0 0 0
outer loop
vertex -277.955 -495.161 1313.53
vertex -327.931 -642.215 3025.5
vertex 135.626 -482.012 1326.73
endloop
endfacet
endsolid
solid back
facet normal 0 0 0
outer loop
vertex -326.213 -692.007 3021.27
vertex 87.3674 -678.857 3034.47
vertex 137.344 -531.803 1322.5
endloop
endfacet
facet normal 0 0 0
outer loop
vertex 87.3674 -678.857 3034.47
vertex -326.213 -692.007 3021.27
vertex 137.344 -531.803 1322.5
endloop
endfacet
facet normal 0 0 0
outer loop
vertex -326.213 -692.007 3021.27
vertex -276.237 -544.952 1309.3
vertex 137.344 -531.803 1322.5
endloop
endfacet
facet normal 0 0 0
outer loop
vertex -276.237 -544.952 1309.3
vertex -326.213 -692.007 3021.27
vertex 137.344 -531.803 1322.5
endloop
endfacet
endsolid
