solid markers
facet normal 0 0 0
outer loop
vertex -414.833 39.2769 -1406.16
vertex 44.0374 25.3611 -1400.29
vertex 51.9801 -420.13 -3079.18
endloop
endfacet
facet normal 0 0 0
outer loop
vertex 44.0374 25.3611 -1400.29
vertex -414.833 39.2769 -1406.16
vertex 51.9801 -420.13 -3079.18
endloop
endfacet
facet normal 0 0 0
outer loop
vertex -414.833 39.2769 -1406.16
vertex -406.89 -406.214 -3085.04
vertex 51.9801 -420.13 -3079.18
endloop
endfacet
facet normal 0 0 0
outer loop
vertex -406.89 -406.214 -3085.04
vertex -414.833 39.2769 -1406.16
vertex 51.9801 -420.13 -3079.18
endloop
endfacet
endsolid
solid front
facet normal 0 0 0
outer loop
vertex -217.008 -126.387 2862.86
vertex 241.945 -125.245 2856.37
vertex 217.008 175.631 1145.8
endloop
endfacet
facet normal 0 0 0
outer loop
vertex 241.945 -125.245 2856.37
vertex -217.008 -126.387 2862.86
vertex 217.008 175.631 1145.8
endloop
endfacet
facet normal 0 0 0
outer loop
vertex -217.008 -126.387 2862.86
vertex -241.945 174.489 1152.29
vertex 217.008 175.631 1145.8
endloop
endfacet
facet normal 0 0 0
outer loop
vertex -241.945 174.489 1152.29
vertex -217.008 -126.387 2862.86
vertex 217.008 175.631 1145.8
endloop
endfacet
endsolid
solid back
facet normal 0 0 0
outer loop
vertex -217.008 -175.631 2854.2
vertex 241.945 -174.489 2847.71
vertex 217.008 126.387 1137.14
endloop
endfacet
facet normal 0 0 0
outer loop
vertex 241.945 -174.489 2847.71
vertex -217.008 -175.631 2854.2
vertex 217.008 126.387 1137.14
endloop
endfacet
facet normal 0 0 0
outer loop
vertex -217.008 -175.631 2854.2
vertex -241.945 125.245 1143.63
vertex 217.008 126.387 1137.14
endloop
endfacet
facet normal 0 0 0
outer loop
vertex -241.945 125.245 1143.63
vertex -217.008 -175.631 2854.2
vertex 217.008 126.387 1137.14
endloop
endfacet
endsolid
