

solid front
facet normal 0 0 0
outer loop
vertex -217.008 -126.387 2862.86
vertex 241.945 -125.245 2856.37
vertex 217.008 175.631 1145.8
endloop
endfacet
facet normal 0 0 0
outer loop
vertex 241.945 -125.245 2856.37
vertex -217.008 -126.387 2862.86
vertex 217.008 175.631 1145.8
endloop
endfacet
facet normal 0 0 0
outer loop
vertex -217.008 -126.387 2862.86
vertex -241.945 174.489 1152.29
vertex 217.008 175.631 1145.8
endloop
endfacet
facet normal 0 0 0
outer loop
vertex -241.945 174.489 1152.29
vertex -217.008 -126.387 2862.86
vertex 217.008 175.631 1145.8
endloop
endfacet
endsolid
