solid markers
facet normal 0 0 0
outer loop
vertex -351.961 34.0595 -1404.3
vertex 104.805 7.90387 -1412.06
vertex 51.9801 -420.13 -3079.18
endloop
endfacet
facet normal 0 0 0
outer loop
vertex 104.805 7.90387 -1412.06
vertex -351.961 34.0595 -1404.3
vertex 51.9801 -420.13 -3079.18
endloop
endfacet
facet normal 0 0 0
outer loop
vertex -351.961 34.0595 -1404.3
vertex -404.786 -393.974 -3071.42
vertex 51.9801 -420.13 -3079.18
endloop
endfacet
facet normal 0 0 0
outer loop
vertex -404.786 -393.974 -3071.42
vertex -351.961 34.0595 -1404.3
vertex 51.9801 -420.13 -3079.18
endloop
endfacet
endsolid
solid front
facet normal 0 0 0
outer loop
vertex -216.116 -125.085 2855.46
vertex 240.837 -123.948 2848.99
vertex 216.116 174.329 1153.21
endloop
endfacet
facet normal 0 0 0
outer loop
vertex 240.837 -123.948 2848.99
vertex -216.116 -125.085 2855.46
vertex 216.116 174.329 1153.21
endloop
endfacet
facet normal 0 0 0
outer loop
vertex -216.116 -125.085 2855.46
vertex -240.837 173.192 1159.67
vertex 216.116 174.329 1153.21
endloop
endfacet
facet normal 0 0 0
outer loop
vertex -240.837 173.192 1159.67
vertex -216.116 -125.085 2855.46
vertex 216.116 174.329 1153.21
endloop
endfacet
endsolid
solid back
facet normal 0 0 0
outer loop
vertex -216.116 -174.329 2846.79
vertex 240.837 -173.192 2840.33
vertex 216.116 125.085 1144.54
endloop
endfacet
facet normal 0 0 0
outer loop
vertex 240.837 -173.192 2840.33
vertex -216.116 -174.329 2846.79
vertex 216.116 125.085 1144.54
endloop
endfacet
facet normal 0 0 0
outer loop
vertex -216.116 -174.329 2846.79
vertex -240.837 123.948 1151.01
vertex 216.116 125.085 1144.54
endloop
endfacet
facet normal 0 0 0
outer loop
vertex -240.837 123.948 1151.01
vertex -216.116 -174.329 2846.79
vertex 216.116 125.085 1144.54
endloop
endfacet
endsolid
