solid markers
facet normal 0 0 0
outer loop
vertex -396.652 -521.352 1312.26
vertex 56.5672 -493.614 1307.26
vertex 85.198 -649.635 3037
endloop
endfacet
facet normal 0 0 0
outer loop
vertex 56.5672 -493.614 1307.26
vertex -396.652 -521.352 1312.26
vertex 85.198 -649.635 3037
endloop
endfacet
facet normal 0 0 0
outer loop
vertex -396.652 -521.352 1312.26
vertex -368.021 -677.372 3042
vertex 85.198 -649.635 3037
endloop
endfacet
facet normal 0 0 0
outer loop
vertex -368.021 -677.372 3042
vertex -396.652 -521.352 1312.26
vertex 85.198 -649.635 3037
endloop
endfacet
endsolid
solid front
facet normal 0 0 0
outer loop
vertex -370.79 -713.389 3036.82
vertex 83.1636 -712.26 3030.4
vertex 58.2264 -411.385 1319.84
endloop
endfacet
facet normal 0 0 0
outer loop
vertex 83.1636 -712.26 3030.4
vertex -370.79 -713.389 3036.82
vertex 58.2264 -411.385 1319.84
endloop
endfacet
facet normal 0 0 0
outer loop
vertex -370.79 -713.389 3036.82
vertex -395.727 -412.514 1326.26
vertex 58.2264 -411.385 1319.84
endloop
endfacet
facet normal 0 0 0
outer loop
vertex -395.727 -412.514 1326.26
vertex -370.79 -713.389 3036.82
vertex 58.2264 -411.385 1319.84
endloop
endfacet
endsolid
solid back
facet normal 0 0 0
outer loop
vertex -370.79 -762.633 3028.16
vertex 83.1636 -761.504 3021.74
vertex 58.2264 -460.629 1311.18
endloop
endfacet
facet normal 0 0 0
outer loop
vertex 83.1636 -761.504 3021.74
vertex -370.79 -762.633 3028.16
vertex 58.2264 -460.629 1311.18
endloop
endfacet
facet normal 0 0 0
outer loop
vertex -370.79 -762.633 3028.16
vertex -395.727 -461.758 1317.6
vertex 58.2264 -460.629 1311.18
endloop
endfacet
facet normal 0 0 0
outer loop
vertex -395.727 -461.758 1317.6
vertex -370.79 -762.633 3028.16
vertex 58.2264 -460.629 1311.18
endloop
endfacet
endsolid
