solid markers
facet normal 0 0 0
outer loop
vertex -397.979 -523.81 1310.05
vertex 60.5649 -490.748 1305.05
vertex 90.5229 -644.31 3037
endloop
endfacet
facet normal 0 0 0
outer loop
vertex 60.5649 -490.748 1305.05
vertex -397.979 -523.81 1310.05
vertex 90.5229 -644.31 3037
endloop
endfacet
facet normal 0 0 0
outer loop
vertex -397.979 -523.81 1310.05
vertex -368.021 -677.372 3042
vertex 90.5229 -644.31 3037
endloop
endfacet
facet normal 0 0 0
outer loop
vertex -368.021 -677.372 3042
vertex -397.979 -523.81 1310.05
vertex 90.5229 -644.31 3037
endloop
endfacet
endsolid
solid front
facet normal 0 0 0
outer loop
vertex -216.993 -126.56 2863.84
vertex 241.959 -125.418 2857.35
vertex 216.993 175.804 1144.82
endloop
endfacet
facet normal 0 0 0
outer loop
vertex 241.959 -125.418 2857.35
vertex -216.993 -126.56 2863.84
vertex 216.993 175.804 1144.82
endloop
endfacet
facet normal 0 0 0
outer loop
vertex -216.993 -126.56 2863.84
vertex -241.959 174.662 1151.31
vertex 216.993 175.804 1144.82
endloop
endfacet
facet normal 0 0 0
outer loop
vertex -241.959 174.662 1151.31
vertex -216.993 -126.56 2863.84
vertex 216.993 175.804 1144.82
endloop
endfacet
endsolid
solid back
facet normal 0 0 0
outer loop
vertex -216.993 -175.804 2855.18
vertex 241.959 -174.662 2848.69
vertex 216.993 126.56 1136.16
endloop
endfacet
facet normal 0 0 0
outer loop
vertex 241.959 -174.662 2848.69
vertex -216.993 -175.804 2855.18
vertex 216.993 126.56 1136.16
endloop
endfacet
facet normal 0 0 0
outer loop
vertex -216.993 -175.804 2855.18
vertex -241.959 125.418 1142.65
vertex 216.993 126.56 1136.16
endloop
endfacet
facet normal 0 0 0
outer loop
vertex -241.959 125.418 1142.65
vertex -216.993 -175.804 2855.18
vertex 216.993 126.56 1136.16
endloop
endfacet
endsolid
