solid Default
  facet normal 0 0 0
    outer loop
      vertex 49.4831 158.158 -3107.87
      vertex 48.0248 196.45 -2655.49
      vertex -403.834 189.854 -3112.02
    endloop
  endfacet
  facet normal 0 0 0
    outer loop
      vertex -403.834 189.854 -3112.02
      vertex 48.0248 196.45 -2655.49
      vertex 49.4831 158.158 -3107.87
    endloop
  endfacet
  facet normal 0 0 0
    outer loop
      vertex 48.0248 196.45 -2655.49
      vertex -409.416  336.444 -1380.22
      vertex -403.834 189.854 -3112.02
    endloop
  endfacet
  facet normal 0 0 0
    outer loop
      vertex -409.416  336.444 -1380.22
      vertex 48.0248 196.45 -2655.49
      vertex -403.834 189.854 -3112.02
    endloop
  endfacet
endsolid
