solid markers
facet normal 0 0 0
outer loop
vertex -325.523 -523.695 1312.87
vertex 125.661 -494.46 1324.87
vertex -1.62927e-34 3.32041e-08 5.84036e-09
endloop
endfacet
facet normal 0 0 0
outer loop
vertex 125.661 -494.46 1324.87
vertex -325.523 -523.695 1312.87
vertex -1.62927e-34 3.32041e-08 5.84036e-09
endloop
endfacet
facet normal 0 0 0
outer loop
vertex -325.523 -523.695 1312.87
vertex 2.6526e-30 5.14848e-33 -3.7765e-32
vertex -1.62927e-34 3.32041e-08 5.84036e-09
endloop
endfacet
facet normal 0 0 0
outer loop
vertex 2.6526e-30 5.14848e-33 -3.7765e-32
vertex -325.523 -523.695 1312.87
vertex -1.62927e-34 3.32041e-08 5.84036e-09
endloop
endfacet
endsolid
solid front
facet normal 0 0 0
outer loop
vertex -213.63 -124.906 2854.44
vertex 238.323 -123.781 2848.05
vertex 213.63 174.15 1154.23
endloop
endfacet
facet normal 0 0 0
outer loop
vertex 238.323 -123.781 2848.05
vertex -213.63 -124.906 2854.44
vertex 213.63 174.15 1154.23
endloop
endfacet
facet normal 0 0 0
outer loop
vertex -213.63 -124.906 2854.44
vertex -238.323 173.025 1160.62
vertex 213.63 174.15 1154.23
endloop
endfacet
facet normal 0 0 0
outer loop
vertex -238.323 173.025 1160.62
vertex -213.63 -124.906 2854.44
vertex 213.63 174.15 1154.23
endloop
endfacet
endsolid
