solid markers
  facet normal 0 0 0
    outer loop
      vertex -3.29787 -5.44661 13.0886
      vertex 1.26701 -5.15426 13.2086
      vertex 0.921751 -6.79794 30.3465
    endloop
  endfacet
  facet normal 0 0 0
    outer loop
      vertex 1.26701 -5.15426 13.2086
      vertex -3.29787 -5.44661 13.0886
      vertex 0.921751 -6.79794 30.3465
    endloop
  endfacet
  facet normal 0 0 0
    outer loop
      vertex 0.921751 -6.79794 30.3465
      vertex -3.64312 -7.09029 30.2265
      vertex -3.29787 -5.44661 13.0886
    endloop
  endfacet
  facet normal 0 0 0
    outer loop
      vertex -3.64312 -7.09029 30.2265
      vertex 0.921751 -6.79794 30.3465
      vertex -3.29787 -5.44661 13.0886
    endloop
  endfacet
endsolid
solid front
  facet normal 0 0 0
    outer loop
      vertex -2.16116 -1.25085 28.5546
      vertex 2.40837 -1.23948 28.4899
      vertex 2.16116 1.74329 11.5321
    endloop
  endfacet
  facet normal 0 0 0
    outer loop
      vertex 2.40837 -1.23948 28.4899
      vertex -2.16116 -1.25085 28.5546
      vertex 2.16116 1.74329 11.5321
    endloop
  endfacet
  facet normal 0 0 0
    outer loop
      vertex -2.40837 1.73192 11.5967
      vertex 2.16116 1.74329 11.5321
      vertex -2.16116 -1.25085 28.5546
    endloop
  endfacet
  facet normal 0 0 0
    outer loop
      vertex 2.16116 1.74329 11.5321
      vertex -2.40837 1.73192 11.5967
      vertex -2.16116 -1.25085 28.5546
    endloop
  endfacet
endsolid
