solid markers
  facet normal 0 0 0
    outer loop
      vertex -0.329787 -0.544661 1.30886
      vertex 0.126701 -0.515426 1.32086
      vertex 0.0921751 -0.679794 3.03465
    endloop
  endfacet
  facet normal 0 0 0
    outer loop
      vertex 0.126701 -0.515426 1.32086
      vertex -0.329787 -0.544661 1.30886
      vertex 0.0921751 -0.679794 3.03465
    endloop
  endfacet
  facet normal 0 0 0
    outer loop
      vertex 0.0921751 -0.679794 3.03465
      vertex -0.364312 -0.709029 3.02265
      vertex -0.329787 -0.544661 1.30886
    endloop
  endfacet
  facet normal 0 0 0
    outer loop
      vertex -0.364312 -0.709029 3.02265
      vertex 0.0921751 -0.679794 3.03465
      vertex -0.329787 -0.544661 1.30886
    endloop
  endfacet
endsolid
solid front
  facet normal 0 0 0
    outer loop
      vertex -0.216116 -0.125085 2.85546
      vertex 0.240837 -0.123948 2.84899
      vertex 0.216116 0.174329 1.15321
    endloop
  endfacet
  facet normal 0 0 0
    outer loop
      vertex 0.240837 -0.123948 2.84899
      vertex -0.216116 -0.125085 2.85546
      vertex 0.216116 0.174329 1.15321
    endloop
  endfacet
endsolid
